object frmRegister: TfrmRegister
  Left = 0
  Top = 0
  Caption = 'Form2'
  ClientHeight = 480
  ClientWidth = 640
  FormFactor.Width = 320
  FormFactor.Height = 480
  FormFactor.Devices = [Desktop]
  DesignerMasterStyle = 0
  object pnHead: TPanel
    Align = Top
    Size.Width = 640.000000000000000000
    Size.Height = 57.000000000000000000
    Size.PlatformDefault = False
    TabOrder = 1
    object Button1: TButton
      Align = Left
      Margins.Left = 10.000000000000000000
      Margins.Top = 10.000000000000000000
      Margins.Right = 10.000000000000000000
      Margins.Bottom = 10.000000000000000000
      Position.X = 10.000000000000000000
      Position.Y = 10.000000000000000000
      Size.Width = 80.000000000000000000
      Size.Height = 37.000000000000000000
      Size.PlatformDefault = False
      TabOrder = 5
      Text = 'Novo'
    end
    object Button2: TButton
      Align = Left
      Margins.Left = 10.000000000000000000
      Margins.Top = 10.000000000000000000
      Margins.Right = 10.000000000000000000
      Margins.Bottom = 10.000000000000000000
      Position.X = 110.000000000000000000
      Position.Y = 10.000000000000000000
      Size.Width = 80.000000000000000000
      Size.Height = 37.000000000000000000
      Size.PlatformDefault = False
      TabOrder = 4
      Text = 'Salvar'
    end
    object Button3: TButton
      Align = Left
      Margins.Left = 10.000000000000000000
      Margins.Top = 10.000000000000000000
      Margins.Right = 10.000000000000000000
      Margins.Bottom = 10.000000000000000000
      Position.X = 310.000000000000000000
      Position.Y = 10.000000000000000000
      Size.Width = 80.000000000000000000
      Size.Height = 37.000000000000000000
      Size.PlatformDefault = False
      TabOrder = 3
      Text = 'Excluir'
    end
    object Button4: TButton
      Align = Left
      Margins.Left = 10.000000000000000000
      Margins.Top = 10.000000000000000000
      Margins.Right = 10.000000000000000000
      Margins.Bottom = 10.000000000000000000
      Position.X = 210.000000000000000000
      Position.Y = 10.000000000000000000
      Size.Width = 80.000000000000000000
      Size.Height = 37.000000000000000000
      Size.PlatformDefault = False
      TabOrder = 2
      Text = 'Cancelar'
    end
    object Button5: TButton
      Align = Right
      Margins.Left = 10.000000000000000000
      Margins.Top = 10.000000000000000000
      Margins.Right = 10.000000000000000000
      Margins.Bottom = 10.000000000000000000
      Position.X = 550.000000000000000000
      Position.Y = 10.000000000000000000
      Size.Width = 80.000000000000000000
      Size.Height = 37.000000000000000000
      Size.PlatformDefault = False
      TabOrder = 1
      Text = 'Sair'
    end
  end
end
